0.744288
0.744289
0.744342
0.744109
0.743849
0.743501
0.743445
0.743417
0.742479
0.737422
0.726381
0.705842
0.667913
0.489266
0.388836
0.282253
0.175484
0.0817459
0.00173239
-0.0447164
-0.0599926
-0.0509513
-0.0129408
0.0159787
0.0532104
0.0702991
0.0719664
0.0666592
0.0482009
0.0192736
-0.0177057
-0.0572799
-0.0809975
-0.0975587
-0.106912
-0.0946085
-0.118082
-0.0796989
-0.0373667
-0.00552839
0.0156144
0.0317462
0.028136
0.0138461
0.000145345
-0.029747
-0.0624085
-0.0871995
-0.100065
-0.107781
-0.0974319
-0.0716972
-0.00748772
0.0230597
0.0526944
0.0679583
0.0611627
0.0378378
-0.000738466
-0.147614
-0.118448
-0.104095
-0.0839955
-0.0703385
-0.0561332
-0.0100825
-0.0203456
-0.0245514
-0.0296638
-0.0346286
-0.0387737
-0.0323434
-0.0349063
-0.0374443
-0.0423939
-0.0492462
-0.0553504
-0.0624696
-0.0663531
-0.099123
-0.0365399
-0.00273528
0.0109998
0.013088
-0.0107016
0.0235487
0.0251088
0.0116949
-0.0812155
-0.025655
-0.0228683
-0.0284369
-0.0487855
-0.0800799
-0.101534
-0.107572
-0.0605424
-0.0543778
-0.065443
-0.142334
-0.0698508
-0.066288
-0.0762579
-0.125019
-0.0675041
-0.0645007
-0.0273283
-0.073111
-0.143918
-0.209221
-0.249947
-0.350478
-0.301896
-0.26103
-0.111468
-0.142942
-0.177975
-0.254434
-0.223831
-0.211312
-0.201921
-0.218382
-0.26736
-0.245185
-0.240532
-0.235181
-0.202126
-0.20114
-0.192076
-0.252744
-0.1633
-0.0866124
-0.0415819
-0.0184534
-0.15165
-0.133091
-0.127316
-0.139115
-0.158294
-0.201601
-0.230633
-0.245863
-0.222677
-0.179095
-0.137363
0.115223
0.125012
0.119033
0.116928
0.087296
0.0439594
-0.00440475
-0.0545125
-0.102309
-0.138821
-0.248807
-0.176539
-0.0810127
-0.00390839
0.0505716
-0.0895089
0.0336639
0.0999234
0.138599
0.131155
0.10407
0.0385507
-0.0381086
-0.0998535
-0.255235
-0.185725
-0.121561
-0.0522153
0.0287205
0.0870515
-0.0928364
0.051496
0.137546
0.190416
0.200284
0.15261
0.0790516
-0.000434427
-0.101548
0.0435877
0.100858
0.147582
0.179488
0.152691
0.115484
0.0597417
0.00666617
-0.112911
0.179349
0.283293
0.352258
0.299765
0.306033
0.806542
0.86484
0.613223
0.27378
-0.302453
-0.127673
-0.166037
0.0464146
-0.00530832
-0.0859685
0.0371022
0.127564
0.0419886
0.0535003
0.0214016
-0.0658399
-0.277524
-0.696315
-0.712377
-0.773954
-0.798025
-0.926301
-0.787317
-0.595258
-0.0999043
-0.0820671
-0.0722014
-0.0334036
0.0726929
-0.123309
-0.247565
-0.370181
-0.429765
-0.433198
-0.388143
-0.304394
-0.20015
-0.089169
-0.081483
-0.461972
-0.662636
-0.697689
-0.571315
-0.365921
-0.149801
0.0481117
0.184853
-0.0198045
0.0367346
0.1718
0.0912808
0.209246
0.42116
0.402829
0.257072
0.100759
-0.0396404
0.0523375
0.049288
0.183424
0.554579
0.733873
0.881566
1.07615
1.05162
0.89009
0.637116
0.281714
-0.0362455
-0.319997
-0.504131
-0.598421
-0.571032
-0.33932
-0.0830102
0.134616
0.505545
0.776892
0.888206
0.804074
0.579814
0.289637
-0.0223955
-0.326471
-0.679482
-0.505912
-0.471922
-0.521652
-0.262432
-0.147267
0.000716239
0.164143
0.208113
0.244325
0.236627
0.134094
-0.0357956
-0.162781
-0.352875
-0.624758
-0.699663
-0.911518
-0.80165
-0.679543
-0.554165
-0.371523
-0.294327
-0.212932
-0.110664
-0.0732701
0.000380794
0.0273054
-0.0194487
-0.113107
-0.209542
-0.367089
-0.415163
-0.37786
-0.381375
-0.348974
-0.284897
-0.227134
-0.114298
0.01106
0.029673
0.0463019
0.00114347
-0.0226334
-0.111788
-0.206141
-0.278983
-0.341272
-0.33462
-0.315845
-0.271858
-0.220552
-0.16917
-0.103488
-0.0488176
-0.0100156
0.00785238
0.0155903
-0.0108209
-0.052302
-0.123398
-0.142226
-0.165424
-0.183187
-0.183603
-0.176844
-0.153595
-0.113228
-0.080537
0.000213118
0.0646792
0.0873723
0.0875478
0.0648293
0.0348487
-0.0632946
-0.118744
-0.165134
-0.184793
-0.160496
-0.150426
-0.121891
-0.0804097
-0.0416458
0.0101778
0.0538801
0.0736396
0.0725119
0.0515067
-0.0779278
-0.0815313
-0.0965914
-0.102926
-0.011684
-0.0755218
-0.10964
-0.120748
-0.151972
-0.105749
-0.0652886
-0.00823651
0.0355077
0.0635371
0.0799239
0.0837659
0.0737903
0.0496263
0.00821044
-0.0386649
-0.0846951
-0.116528
-0.176727
-0.171582
-0.159961
-0.120945
-0.0818968
-0.0275484
0.0292263
0.0642879
0.0844984
0.0802067
0.0619506
0.0306617
0.00035166
-0.0176691
-0.039107
-0.0577666
-0.0736046
-0.0808883
-0.0795184
-0.0697721
-0.143804
-0.0520575
0.00594437
0.0611904
0.0812899
0.120911
0.0739087
0.0171314
-0.0410831
-0.0961854
-0.14039
-0.152742
-0.153049
-0.127273
-0.105943
-0.0547621
-0.0173755
0.0168267
0.0426429
0.0174507
0.075008
0.0837772
0.0673529
0.0209697
-0.037225
-0.0275569
-0.055303
-0.0752799
-0.149159
-0.0888198
-0.0393278
-0.00656688
-0.00708898
-0.00564541
-0.017118
-0.0271211
0.0132738
-0.00147278
-0.0388769
-0.15345
-0.111119
-0.117982
-0.132906
-0.202633
-0.110032
-0.0815821
-0.0269708
-0.0388036
-0.08806
-0.155253
-0.214153
-0.332477
-0.310603
-0.280427
-0.116382
-0.177095
-0.206174
-0.279392
-0.241832
-0.215738
-0.191021
-0.174981
-0.229998
-0.214466
-0.200972
-0.211119
-0.203705
-0.216046
-0.217135
-0.291755
-0.20649
-0.116581
-0.0630836
-0.0258276
-0.0100229
-0.114074
-0.0835209
-0.0799514
-0.0878099
-0.115578
-0.168751
-0.200386
-0.225983
-0.218925
-0.18696
-0.141603
0.0805439
0.0922244
0.101635
0.101028
0.0834355
0.0605216
0.0172464
-0.030602
-0.07645
-0.112454
-0.233194
-0.172164
-0.0879582
-0.027007
0.0220818
-0.124337
0.00995778
0.0924938
0.131413
0.119275
0.0718597
0.0120013
-0.0521796
-0.112927
-0.239698
-0.192175
-0.105496
-0.0266687
0.043836
0.101294
-0.0338349
0.116274
0.18224
0.214387
0.198479
0.130862
0.0437638
-0.0517848
-0.00233046
0.0581908
0.146293
0.17661
0.188993
0.175566
0.144817
0.0996886
-0.141133
0.182477
0.303174
0.364127
0.299678
0.015774
0.650029
0.755487
0.621655
0.293013
-0.049333
-0.261029
-0.155452
-0.17357
0.0763932
-0.0118388
-0.038185
0.166013
0.0465197
0.0571723
0.0179587
-0.0511301
-0.15262
-0.360413
-0.65661
-0.714135
-0.726824
-0.886514
-0.77378
-0.617638
-0.442502
-0.147411
-0.127629
-0.14904
-0.0325553
-0.230232
-0.344093
-0.428692
-0.466354
-0.436344
-0.353674
-0.252383
-0.145173
-0.0260907
0.15556
-0.374402
-0.59247
-0.651982
-0.59117
-0.408841
-0.126549
0.0732521
0.462474
0.115014
0.0981476
0.293041
0.166385
0.132024
0.305917
0.32536
0.202693
0.0768056
-0.0147461
0.0624612
0.149718
0.316618
0.594279
0.720968
0.855956
1.01551
0.935305
0.772184
0.502307
0.238811
-0.00439728
-0.22125
-0.389358
-0.435572
-0.289494
-0.123147
0.0711309
0.267568
0.479465
0.67323
0.695169
0.597167
0.438204
0.144465
-0.128159
-0.378677
-0.724754
-0.436862
-0.315423
-0.343719
-0.120667
0.0148336
0.0142893
0.102532
0.104615
0.0540186
0.0509405
-0.0532667
-0.181862
-0.303759
-0.374413
-0.586016
-0.609883
-0.764842
-0.61858
-0.524537
-0.436934
-0.332955
-0.30633
-0.261975
-0.220159
-0.211207
-0.118803
-0.0966549
-0.0827532
-0.112772
-0.169265
-0.271152
-0.295538
-0.250269
-0.275773
-0.274509
-0.243037
-0.230015
-0.158033
-0.0552596
-0.046825
-0.0409554
-0.0515599
-0.0614532
-0.10887
-0.146413
-0.197599
-0.248595
-0.241697
-0.227143
-0.206407
-0.188419
-0.166668
-0.145814
-0.11277
-0.0869527
-0.068782
-0.0552624
-0.0550941
-0.0562497
-0.111173
-0.109926
-0.109486
-0.119897
-0.127842
-0.127044
-0.127585
-0.119026
-0.0996158
-0.0389061
-0.000718824
0.0260632
0.0373326
0.0287354
0.00443638
-0.06441
-0.0974573
-0.121648
-0.137942
-0.107656
-0.100519
-0.0834295
-0.0591625
-0.0339306
0.00425861
0.0293624
0.0374201
0.035869
0.0204689
-0.102196
-0.0835379
-0.0788945
0.0713588
0.0143297
-0.0343533
-0.0658278
-0.0768855
-0.120612
-0.0901051
-0.0556929
-0.0218422
0.0123836
0.0292818
0.0265896
0.0483808
0.0452949
0.0295912
0.0108768
-0.0278194
-0.0606191
-0.133956
-0.142541
-0.135962
-0.121957
-0.089603
-0.0507741
-0.00841013
0.0267408
0.050106
0.0560942
0.0478875
0.0354035
0.00155168
-0.00566409
-0.0240231
-0.0347998
-0.0504582
-0.0603619
-0.06294
-0.0621629
-0.177158
-0.0967077
-0.0317409
0.0164609
0.0521308
0.0577077
0.0753143
0.0282663
-0.0228756
-0.0775996
-0.122285
-0.134155
-0.146395
-0.128994
-0.100583
-0.0684287
-0.0386857
-0.00117301
0.0206468
-0.023981
0.0431074
0.074783
0.0593727
0.0169161
-0.0543491
-0.042988
-0.0549978
-0.0818959
-0.170305
-0.0858561
-0.0508384
-0.0289164
-0.0193578
-0.0227245
-0.0376578
-0.0471882
-0.00855409
-0.0207036
-0.0522319
-0.152376
-0.112213
-0.111355
-0.119967
-0.21855
-0.110538
-0.0781187
-0.023939
-0.0298591
-0.089066
-0.15173
-0.204971
-0.327324
-0.293235
-0.267902
-0.11716
-0.165552
-0.200496
-0.290824
-0.251684
-0.219857
-0.201544
-0.204033
-0.250781
-0.225678
-0.21802
-0.216478
-0.193338
-0.199189
-0.201365
-0.294501
-0.202775
-0.11493
-0.0647533
-0.0306764
-0.0191396
-0.133786
-0.105998
-0.0985702
-0.105309
-0.126777
-0.171975
-0.200496
-0.218118
-0.207126
-0.175059
-0.130632
0.0910942
0.0907958
0.093303
0.0809611
0.0588911
0.0276512
-0.00316475
-0.0507073
-0.0882108
-0.116529
-0.213655
-0.146676
-0.0571912
0.00590444
0.0495161
-0.087426
0.0249362
0.103534
0.131106
0.106464
0.082492
0.0100344
-0.066154
-0.120581
-0.230242
-0.155799
-0.0933442
-0.0181495
0.056422
0.110917
0.000332794
0.113807
0.174808
0.19429
0.174616
0.114443
0.030157
-0.0560939
-0.00341409
0.118527
0.144823
0.214176
0.222262
0.188873
0.155558
0.10262
0.0336126
0.0434957
0.26183
0.31296
0.329085
0.253933
0.571175
0.917692
0.810988
0.561549
0.194552
-0.102672
-0.0862177
-0.3106
0.14249
0.00953441
-0.257906
0.0585441
-0.0788799
-0.0190205
-0.073624
-0.171774
-0.185244
-0.366895
-0.709092
-0.686386
-0.72042
-0.874555
-0.769121
-0.617565
-0.439633
-0.117366
-0.149927
-0.131616
0.0332002
-0.182677
-0.30145
-0.381513
-0.421739
-0.402293
-0.337802
-0.23827
-0.127721
-0.0195803
0.0700053
-0.36473
-0.64415
-0.835135
-0.808911
-0.641144
-0.424964
-0.165818
0.225493
-0.034206
0.0436094
0.38039
0.222452
0.252202
0.457957
0.47297
0.33367
0.107021
-0.070161
0.0201722
0.0493611
0.159205
0.362752
0.637573
0.814302
1.05643
1.03716
0.912477
0.657253
0.385174
0.0962826
-0.161119
-0.347002
-0.525839
-0.43495
-0.335805
-0.0998936
0.104227
0.277942
0.601202
0.749658
0.733622
0.575538
0.325213
0.0197629
-0.283348
-0.512413
-0.566191
-0.399298
-0.259625
-0.176199
-0.0959036
-0.0673553
0.138652
0.0931176
0.00707471
0.084931
-0.0481537
-0.177234
-0.233035
-0.340997
