0.000226687
0.000742929
0.0159535
0.00906195
0.0039974
0.00424792
0.00972449
0.0179958
0.0305186
0.0482786
0.0625882
0.0720041
0.0700373
0.027683
-0.00865191
-0.0361655
-0.0500922
-0.0490689
-0.0338126
-0.0182872
-0.000550251
0.0137748
0.0287598
0.0262841
0.0255831
0.0198046
0.0104355
0.00820837
0.000519837
-0.00357112
-0.00602632
-0.00689664
-0.0042355
0.000543645
0.00441517
0.00900225
0.0114298
0.0143574
0.0163728
0.0150611
0.0119012
0.00990176
0.00634269
0.00362348
0.000817596
0.000705623
0.000377906
0.00168911
0.00445928
0.0062378
0.00945437
0.0146999
0.01747
0.0142455
0.0119382
0.00942448
0.0059466
0.00272042
0.00152521
0.00466525
0.00562243
0.00531701
0.0070337
0.00801256
0.00951528
0.00960958
0.0100473
0.010812
0.0114923
0.0119941
0.0124577
0.0131146
0.0132976
0.0136211
0.0138623
0.0139297
0.0142552
0.0146551
0.01518
0.0191832
0.019077
0.0160263
0.0137134
0.0136869
0.0172548
0.0139581
0.0126758
0.0132827
0.0207515
0.0225061
0.0207618
0.0218998
0.0235032
0.0247228
0.027967
0.0326725
0.0338606
0.0338914
0.035317
0.0406734
0.0413124
0.0390421
0.0387285
0.0434006
0.0402124
0.0388211
0.0401714
0.0391721
0.0397765
0.0422008
0.0452836
0.0510477
0.0536504
0.0531092
0.0479044
0.0471537
0.0429313
0.0406549
0.0375277
0.0332754
0.0306466
0.0266176
0.0252572
0.0249659
0.0234004
0.022239
0.022311
0.0220059
0.0217559
0.026992
0.0267149
0.0215348
0.0166541
0.0118457
0.0118947
0.0073175
0.00579769
0.00459588
5.58625e-05
0.00310028
0.00648665
0.00870769
0.0135857
0.0181101
0.0181536
0.0201161
0.0184082
0.0138282
0.011312
0.00654647
0.00158876
-0.00112203
-0.00191206
-0.00144648
0.000281008
0.0102886
0.00939403
0.0122345
0.0119858
0.0107251
0.0140042
0.00925526
0.00381026
-0.00210707
-0.0081175
-0.0100804
-0.014529
-0.0162548
-0.0136113
-0.0028772
0.00384666
0.00647125
0.00759048
0.0098795
0.0104663
0.0155782
0.0110293
0.00662033
0.00131659
-0.00234561
-0.00866707
-0.0126712
-0.0124389
0.00780663
0.0128346
0.00731154
0.00523338
0.00743345
0.00563051
0.00699795
0.00829255
0.0121508
0.0346104
0.036959
0.0258154
0.0269404
0.0227009
0.046842
0.0240959
0.0238935
0.020875
0.0301961
0.0528182
0.0629758
0.0898666
0.120901
0.127847
0.145385
0.148668
0.128164
0.11556
0.087744
0.0618843
0.035698
0.00396459
-0.00254495
0.00080181
0.00256024
0.0100247
0.0214358
0.0328255
0.0424188
0.0334072
0.0388817
0.0342751
0.0306287
0.00763762
-0.00297697
-0.00170651
-0.000849932
0.000704389
0.00312271
0.00638158
0.00790381
0.00627549
0.00150045
-0.0400538
-0.0265717
-0.0257013
-0.0276651
-0.0260259
-0.026957
-0.0349172
-0.048075
-0.058044
-0.0720878
-0.0934346
-0.108964
-0.128618
-0.149758
-0.150539
-0.151338
-0.134638
-0.110702
-0.0782683
-0.0480242
-0.0142424
0.0119146
0.0398949
0.0460995
0.0348965
0.0159529
-0.00506787
-0.021509
-0.0403889
-0.0531046
-0.0546596
-0.0482598
-0.0302559
-0.00143872
0.00950784
0.0392181
0.0594833
0.0626104
0.0725483
0.0545061
0.0374645
0.0147153
-0.0107259
-0.0239097
-0.0241069
-0.0150637
0.00356741
0.0228152
0.0365319
0.065786
0.0935724
0.115094
0.129731
0.14278
0.135908
0.115338
0.0928033
0.0783495
0.0548047
0.0379863
0.0257312
0.0221413
0.0206506
0.0300142
0.0354321
0.0447285
0.0520768
0.0603243
0.0633014
0.0590257
0.0556475
0.0467173
0.0338856
0.0283309
0.0165001
0.00645834
0.00842407
0.00930957
0.0130699
0.0205721
0.029805
0.0382407
0.0445296
0.0490963
0.0490409
0.0435938
0.0370069
0.033279
0.0234635
0.0198408
0.0140664
0.0115444
0.0114607
0.0139236
0.0172158
0.020403
0.0240143
0.0269434
0.0297164
0.0294523
0.026652
0.0223721
0.0175273
0.0152373
0.00972667
0.00515213
0.00439783
0.00515325
0.00552197
0.00717276
0.0102569
0.0116654
0.0148794
0.0182052
0.0217512
0.0186383
0.0170754
0.0128493
0.00747261
0.00299529
0.00209585
-0.000560849
7.83437e-05
0.00146412
0.00446807
0.00841673
0.0121995
0.0151691
0.0169249
0.0170433
0.0166525
0.01398
0.00972085
0.00537951
0.00167301
0.00239766
0.000239783
-0.00146301
0.000201383
-0.000807713
0.00111485
0.00362594
0.00682163
0.0107434
0.0146255
0.0142945
0.0153783
0.0141405
0.0114346
0.00913259
0.00764223
0.00351836
0.000813061
-0.001581
-0.00255899
-0.00227644
-0.000853514
0.00217989
0.00643632
0.00852358
0.0127866
0.0138843
0.0156576
0.0153317
0.0136935
0.011284
0.00757313
0.00396864
0.00137496
0.00289071
0.00193609
0.00208073
0.00266433
0.00422228
0.00642004
0.00868678
0.010701
0.016306
0.0176918
0.0146442
0.0137162
0.0103703
0.0064551
0.0024196
0.000641848
0.00100747
0.00266723
0.00519993
0.00942337
0.0134236
0.0186155
0.0197203
0.02329
0.0228967
0.0227042
0.0209203
0.022016
0.016428
0.0110813
0.0074221
0.00517595
0.00950628
0.0103892
0.00954137
0.0127045
0.0222597
0.0230697
0.0267069
0.0296036
0.0289884
0.0301687
0.0309464
0.0328844
0.0315617
0.02959
0.0296072
0.0349459
0.0365479
0.0362983
0.0378769
0.0439908
0.0452771
0.0432447
0.0448017
0.0422742
0.0422091
0.0421759
0.0433483
0.0481077
0.0480683
0.0495148
0.0467103
0.0445851
0.0435809
0.0445229
0.041128
0.0375463
0.0339816
0.0310271
0.0271134
0.0236828
0.0229595
0.0203881
0.0182187
0.0183841
0.0194723
0.0255692
0.0234901
0.0236301
0.0213856
0.0171821
0.0136878
0.0124523
0.00989172
0.00679291
0.00501505
0.000793781
0.000473472
0.00439864
0.00679672
0.0110899
0.015942
0.0189807
0.0183295
0.0178604
0.0158487
0.0126309
0.00821126
0.00547716
0.00189423
-0.00135465
-0.00199896
-0.00044405
0.00848883
0.00724592
0.0102696
0.0110767
0.00892967
0.0124455
0.0105874
0.00366836
-0.000799958
-0.00679454
-0.0130302
-0.015689
-0.0150372
-0.0122928
-0.00143074
2.20623e-05
0.006274
0.0110499
0.0117395
0.0101698
0.0157404
0.0104262
0.00513001
-0.000565295
-0.00509875
-0.00993401
-0.0120598
-0.0118814
0.00807738
0.00440712
0.00988401
0.00965827
0.0108501
0.0118964
0.0132663
0.0145296
0.0345473
0.0350895
0.0231276
0.0218945
0.0168372
0.0451962
0.034364
0.0155929
0.0173585
0.0209238
0.0383631
0.0572803
0.0904164
0.119407
0.125275
0.148291
0.143484
0.135697
0.119255
0.0914342
0.0608194
0.0345311
0.0242777
0.00748544
0.00906396
0.00566747
0.0111468
0.01944
0.0296685
0.0352636
0.0429348
0.0255137
0.0299022
0.0228574
0.00118827
-0.00443709
0.000974498
0.00499008
0.00736944
0.0109242
0.0139864
0.0123064
0.0101222
0.00418137
-0.0412669
-0.0496455
-0.0315658
-0.0204336
-0.023877
-0.0210572
-0.0247408
-0.0341724
-0.0451382
-0.0667976
-0.0919427
-0.113756
-0.136032
-0.157447
-0.167045
-0.152772
-0.131828
-0.1013
-0.0637444
-0.0415844
-0.00243144
0.026267
0.0321833
0.0297513
0.0225108
0.00636266
-0.0141125
-0.0321898
-0.0448552
-0.0495716
-0.0434416
-0.0337112
-0.0189939
0.0105203
0.0314764
0.0416473
0.047098
0.0455389
0.0580766
0.0384128
0.0159181
-0.000613106
-0.00394288
-0.0144691
-0.0120161
-0.00349562
0.0161991
0.034135
0.0478049
0.0712629
0.0886377
0.114295
0.113593
0.122487
0.122445
0.107093
0.0892731
0.08019
0.062335
0.0403828
0.0395059
0.0325532
0.0282392
0.0360185
0.0423836
0.0450539
0.0476307
0.0479432
0.0503165
0.0504526
0.0469897
0.0438515
0.0374804
0.0297564
0.0226093
0.017527
0.0150894
0.0177481
0.0183457
0.0212687
0.0261197
0.0308236
0.0367524
0.041649
0.0426003
0.0395313
0.0362079
0.0325379
0.0278986
0.0228831
0.0192465
0.0190214
0.0170364
0.0181683
0.0182449
0.0195602
0.0204442
0.0219456
0.0222283
0.0228987
0.0225202
0.0208636
0.0186004
0.0175694
0.0141263
0.0126747
0.0104244
0.00877124
0.00904378
0.00858887
0.0088504
0.009754
0.0112882
0.01278
0.0168031
0.0169087
0.0141731
0.0113868
0.00883344
0.00612903
0.00380447
0.0029226
0.00364855
0.00527731
0.00662246
0.00900213
0.0113692
0.0129492
0.0136537
0.0131533
0.0133149
0.0111055
0.00841427
0.00571777
0.00328919
0.00328906
0.00300442
0.00255828
0.00110678
0.00182799
0.00255076
0.00430531
0.00670218
0.00974698
0.0118504
0.0119596
0.0126134
0.0116078
0.0100512
0.00994099
0.00750484
0.00389134
0.00124848
0.0010984
-0.000445184
2.57382e-05
0.000863069
0.00348201
0.00691279
0.00893043
0.0121744
0.0141904
0.0134492
0.0130543
0.0115115
0.00871759
0.00580985
0.00488163
0.00257913
0.00484577
0.00316632
0.00392937
0.0042805
0.00548945
0.00708523
0.00868535
0.0134295
0.0155687
0.0143785
0.0123211
0.0111631
0.0083527
0.00502812
0.00340349
0.00186517
0.00341288
0.00498325
0.00937724
0.0117184
0.0162556
0.0201489
0.0219902
0.0214606
0.0217543
0.020097
0.0217857
0.0167481
0.0135469
0.00944315
0.00683787
0.00954379
0.00845639
0.00980182
0.0117597
0.0219804
0.026354
0.0261472
0.0268567
0.0282988
0.0296633
0.0302928
0.0317231
0.0312779
0.0302969
0.0312206
0.0362887
0.0373691
0.0369173
0.0379546
0.0445437
0.0421232
0.0422551
0.0447181
0.0433411
0.0414451
0.0420483
0.044152
0.0487873
0.0505775
0.0500379
0.0458681
0.0454473
0.0430984
0.0423582
0.0401168
0.0374302
0.0339811
0.0289762
0.0269053
0.0250665
0.0231474
0.0213997
0.0202555
0.0206319
0.0204534
0.0256806
0.0237001
0.0231269
0.0204049
0.0161589
0.0119759
0.0107699
0.00893049
0.00744523
0.0062022
0.000687821
0.00392671
0.00595098
0.00843554
0.0122862
0.0159878
0.0182172
0.0184818
0.0161644
0.0139161
0.0101548
0.0062198
0.00309237
0.00243511
0.000391905
-0.000443085
0.000929709
0.0105667
0.00882557
0.0115089
0.0101719
0.0084684
0.0122657
0.00780409
0.00405215
-0.00155272
-0.00928296
-0.0100946
-0.0140861
-0.015701
-0.0124532
-0.000561312
0.0057952
0.00757276
0.00936556
0.010573
0.00935969
0.0152027
0.0127001
0.00427559
-0.00293256
-0.00779836
-0.0113926
-0.0129515
-0.0112805
0.0105098
0.0162952
0.00822853
0.0123197
0.0115512
0.00836346
0.0099735
0.0101625
0.011765
0.031796
0.0333113
0.0239311
0.0246298
0.0228318
0.0448624
0.0357593
0.0224108
0.0214399
0.0392762
0.0629027
0.0712193
0.10378
0.130827
0.142931
0.1428
0.132673
0.117135
0.101242
0.0677881
0.0386398
0.0304699
0.011894
0.00374272
0.0106364
0.0103132
0.0189707
0.0268482
0.0349315
0.0400862
0.0262565
0.0234033
0.0250505
0.00674285
-0.00129972
0.00265526
0.00688688
0.00883475
0.0111355
0.0121309
0.0119998
0.00887111
0.00304743
-0.00556452
-0.0480653
-0.0376964
-0.0430433
-0.0394312
-0.0329815
-0.0326128
-0.0396816
-0.0463807
-0.0562528
-0.0789032
-0.0878025
-0.120554
-0.152837
-0.167343
-0.163374
-0.146457
-0.125433
-0.0905692
-0.0577406
-0.0123278
0.0213273
0.0374367
0.0387705
0.0327633
0.0187428
-0.00242419
-0.0247292
-0.0428375
-0.0526801
-0.0531833
-0.0445483
-0.0282983
-0.00349435
0.0185309
0.0245854
0.0422859
0.0476674
0.0678833
0.0516034
0.0317879
0.0121569
-0.00530851
-0.0168553
-0.0146547
-0.0121699
0.00154712
0.0182591
0.0371226
0.0686936
0.0938559
0.0977306
0.116781
0.12894
0.118238
0.107429
0.0951463
0.0804353
0.0611505
0.0547024
0.0421625
