0.0025403
0.880468
3.94632
6.78991
1.59739
0.720885
0.467641
0.452793
0.57204
0.699694
0.818873
0.981067
1.14728
1.39369
1.55135
1.78398
2.05354
2.39467
2.64792
2.88784
3.20702
3.44164
3.73396
3.95353
4.19971
4.41363
4.65865
4.89891
5.10119
5.33286
5.56018
5.78293
6.06315
6.30656
6.51463
6.6896
6.88987
7.05846
7.25133
7.44055
7.59983
7.78206
7.96073
8.13602
8.30782
8.47612
8.61777
8.77992
8.91649
9.0507
9.2045
9.35543
9.50334
9.62783
9.77042
9.93009
10.0476
10.1819
10.2951
10.4248
10.5516
10.6756
10.7801
10.8827
11.0004
11.099
11.196
11.3134
11.5724
11.4897
11.2232
11.9349
11.4758
12.0842
11.6658
11.7162
12.3456
11.908
12.0138
12.6549
12.2579
12.3301
12.9106
12.5163
13.0857
13.1474
12.7315
13.3076
13.3686
12.9359
13.5165
13.5755
13.1308
13.7128
13.2556
13.2978
13.8232
13.8854
13.4212
14.0095
14.0863
13.5738
14.1582
13.7127
14.2789
13.8112
14.4392
14.436
13.9741
14.5561
14.5915
14.1263
14.699
14.2146
14.2625
14.3165
14.8876
14.4056
14.9726
14.4869
14.5253
15.0986
14.6123
15.1748
15.2102
14.7204
14.7522
15.3197
14.8308
14.8586
14.9012
15.4643
15.4929
14.9977
15.557
15.5826
15.0862
15.6407
15.1459
15.6956
15.2006
15.7514
15.7738
15.2751
15.8246
15.8549
15.8729
15.3729
15.9198
15.939
15.4387
15.4584
15.4854
16.0285
16.0484
15.5468
15.5629
16.1052
15.606
15.6206
16.1612
15.6614
15.6751
16.214
15.7138
15.7326
15.7586
15.7788
15.7937
16.3291
15.828
15.838
15.8542
15.8724
15.8826
16.418
16.4273
15.9224
16.4548
15.9527
16.4757
15.9733
16.5035
16.0013
16.5234
16.5377
16.0323
16.0382
16.5674
16.0649
16.5862
16.0817
16.6067
16.6137
16.1069
16.6294
16.6362
16.6436
16.1366
16.1411
16.6641
16.1605
